<?xml version="1.0"?>
<opencv_storage>
<calibration_timestamp>"Fri Nov 20 15:14:36 2020&#x0a;"</calibration_timestamp>
<device>rtsp://admin:zzj0421135@192.168.33.108</device>
<camera_matrix type_id="opencv-matrix">
  <rows>3</rows>
  <cols>3</cols>
  <dt>d</dt>
  <data>
    7.1848907206976719e+02 0. 6.5472407609796051e+02 0.
    7.1763267047488989e+02 3.8671174705657745e+02 0. 0. 1.</data></camera_matrix>
<dist_coeffs type_id="opencv-matrix">
  <rows>1</rows>
  <cols>5</cols>
  <dt>d</dt>
  <data>
    -3.3660529297083747e-01 1.2719982140466898e-01
    -1.2032772355871333e-03 5.9243998065608731e-05
    -2.4225557580765718e-02</data></dist_coeffs>
<reprojection_err>1.8824432097587085e-01</reprojection_err>
</opencv_storage>
